1114
1113
1066
1119
1062
1089
1093
975
1099
1062
1062
1162
1057
1123
1141
1089
1172
1096
1164
1146
1066
879
1099
1151
1139
1210
1186
1137
1067
1094
905
1017
1054
1084
887
1042
1091
1019
1099
1047
966
1120
996
938
1165
1081
1148
1092
1037
1106
1062
1042
1114
1125
1145
1144
1121
1150
1150
1085
1125
1126
1069
1087
1084
1084
1140
1114
1095
1137
1138
1113
1156
1078
1112
1139
1104
1121
1134
1062
1147
1148
1112
1145
1144
1055
941
883
1105
1047
1142
1123
1099
1020
1058
1023
973
1024
1013
970
1029
1011
977
1066
1125
1053
1064
1050
993
1093
1072
1016
1072
1048
1025
1073
1016
1032
1053
967
941
853
832
783
1047
1007
1089
1099
1059
975
1052
1073
980
1045
1064
1006
1072
1092
1048
1078
1079
993
1091
1108
1051
1156
1167
1069
1085
1104
1087
1128
1124
1061
1093
1103
971
1000
1002
966
1030
1117
1072
1132
1132
1075
1095
1037
958
1026
1081
1108
1121
1101
1042
1138
1097
1037
1070
1128
1069
1075
1110
1063
1043
1094
1080
1043
1077
1048
980
1029
1058
1035
1076
1034
1061
886
979
1012
1010
1036
1016
955
1022
1053
980
1079
1064
1031
1089
1069
976
990
1020
971
1035
1056
999
1060
1059
1041
1101
1059
998
1071
1057
999
1057
1045
986
1077
1078
1028
1039
992
931
961
986
1000
1087
1075
1013
1052
1028
989
986
963
930
1019
1071
1002
892
990
981
982
1070
1044
981
1032
1016
1003
1073
1078
999
1003
1046
1032
999
1062
1070
999
1019
1060
999
1043
1042
968
1074
1102
1040
999
1061
1055
985
1035
1039
1010
1053
1061
1059
1083
1060
1012
1098
1077
1012
1080
1104
1043
1090
1044
994
1095
1137
1062
1016
1075
1085
1077
1110
1109
1059
1115
1094
1037
1077
1104
1060
1090
1109
1076
1051
1094
1113
1061
1089
1058
1040
1105
1111
1080
1063
1114
1062
1007
1044
1054
1040
1084
1111
1027
1098
1112
1040
1086
1122
1076
1034
997
890
1047
1040
1006
1057
976
823
848
868
1057
1102
1051
1019
1081
1082
1038
1085
1101
1056
1073
1039
980
1112
1111
1133
1151
1099
1034
1071
1112
1087
1072
1109
1108
1101
1074
1054
1124
1104
1038
1070
1092
1075
1016
1064
1079
1033
1035
1074
1042
999
998
1044
1028
977
1027
1062
1025
1050
1061
1033
964
1008
1078
1059
999
1028
1041
1037
994
1037
1054
978
954
989
1028
1018
1088
1110
1061
1095
1104
1067
1030
1087
1075
1023
1069
1082
1038
965
1059
1065
936
895
921
947
1031
1046
1085
1064
975
1010
1000
1018
1018
1065
1017
1091
1116
1099
1057
1099
1117
1079
1105
1139
1109
1046
1090
1085
1041
1112
1108
1054
1092
1104
1045
1056
1092
1079
1005
1021
1117
1106
1066
1089
1078
1039
1033
1079
1057
996
1038
1061
1031
992
1077
1069
1031
1096
1121
1123
1051
1080
1106
1106
1079
1130
1100
1048
1093
1129
1091
1118
1104
1066
1110
1137
1079
1099
1101
1085
1094
1108
1088
1044
1097
1110
1062
990
1060
1104
1065
1057
1117
1100
1046
1091
1082
1021
1048
1103
1060
999
1088
1119
1094
1079
1108
1086
1058
1123
1083
1046
1125
1131
1062
1088
1118
1063
1111
1168
1138
1070
1133
1161
1108
1083
1102
1076
1041
1086
1114
1052
1086
1055
976
1032
1059
991
1001
1048
1042
979
989
1021
1003
965
878
822
1012
1029
979
1036
1059
1023
948
968
999
991
953
978
1035
1026
957
1049
1062
1075
1041
1082
1058
1010
1039
1067
1041
1079
912
1012
1053
1013
1098
1083
1019
1099
1073
1018
1078
1101
1021
1071
1087
1090
1138
1126
1134
1062
1115
1102
1102
1063
1130
1092
1005
1034
1152
1132
1096
1124
1144
1083
1146
1144
1074
1042
1119
1110
1084
1146
1141
1092
1037
1112
1111
1062
1155
1107
1070
1124
1091
1062
1116
1104
1039
1082
1088
1120
1127
1062
1021
1111
1101
954
862
1015
1102
1109
1032
1096
1117
1089
1012
1085
1073
992
1033
1058
984
919
1019
1096
1034
1049
1079
1060
1016
1062
1083
1025
1072
1086
1062
1075
1092
1082
1040
1149
1136
1074
1090
1109
1050
1066
1106
1049
1054
1114
1086
1052
1115
1117
1087
1116
1108
1059
1056
1060
994
948
1081
1108
1044
1059
1074
1012
1058
1095
1091
1034
1002
870
934
897
955
1082
999
1012
1103
1096
1001
1001
1040
990
917
1018
1037
985
1050
1103
1054
1025
1099
1112
1043
1067
1093
1101
1083
1089
1098
1098
1053
1113
1128
1073
1056
1083
1098
1047
990
1073
1143
1076
1067
1078
1024
1046
1098
1074
1085
1127
1117
1089
1149
1148
1114
1098
1132
1112
1059
1128
1140
1095
1036
1093
1120
1108
1046
1117
1117
1051
1103
1104
1022
1089
1088
1070
1012
1072
1105
1089
1111
1134
1110
1087
1047
1096
1150
1087
1033
1060
1076
1050
1020
1105
1119
1069
1131
1090
1081
1046
1044
1089
1115
1095
1027
1043
1085
1110
1124
1150
1101
1167
1161
1086
1047
1092
1073
953
898
945
1141
1121
1146
1107
1080
1112
1115
1125
1043
1062
1095
1060
1013
995
1004
977
996
1014
1013
976
953
968
954
937
964
949
937
952
933
943
1012
1018
993
1020
1056
1023
956
1018
1021

