971
970
1006
909
784
727
725
785
1112
1067
1077
985
881
861
909
869
827
950
903
896
869
859
766
833
1119
1104
982
828
813
312
857
955
872
792
814
770
1036
904
843
858
856
791
772
830
682
757
831
1014
829
876
1045
878
803
846
840
850
722
735
749
886
810
812
959
918
974
944
988
1062
1084
1018
952
1076
1043
1039
1073
1043
1018
1012
1105
1209
1110
1136
1167
1159
1163
1138
953
914
845
801
779
798
1159
858
773
764
948
1147
935
946
920
815
783
818
897
999
976
791
761
785
916
852
799
845
866
889
924
872
882
814
759
713
694
654
657
660
778
963
778
910
1002
1062
1021
1045
1013
1108
1109
1131
1098
1085
1061
1046
1082
1092
876
822
865
1140
1062
856
904
1091
948
829
766
899
1243
1237
1205
1151
1066
1101
1106
1073
1063
1062
999
1048
1047
871
887
1120
916
803
810
1226
1157
1118
948
863
957
1171
1121
1106
1034
1037
1032
1012
929
990
957
830
742
726
672
673
673
662
656
632
695
729
688
688
633
646
630
728
710
727
750
750
723
663
659
654
712
661
646
621
609
607
660
677
628
631
615
688
701
652
659
625
627
671
622
652
634
646
622
613
671
606
671
671
630
626
632
643
703
631
693
672
631
639
637
732
754
688
678
739
759
732
673
736
784
788
705
666
724
715
773
750
731
767
756
748
834
925
808
825
778
733
759
810
876
792
753
687
733
679
708
726
741
681
745
730
667
655
610
612
615
686
703
691
682
629
630
614
594
593
590
610
606
608
608
598
684
687
687
636
641
731
690
630
632
615
693
617
609
612
680
619
624
701
671
689
638
640
727
686
619
626
628
708
688
639
631
612
601
611
662
603
608
600
590
616
695
695
648
623
720
677
622
721
693
633
652
698
702
642
749
728
651
654
714
609
635
692
674
612
618
622
614
679
578
585
585
595
662
590
661
581
601
600
602
579
585
587
651
562
582
588
654
571
583
583
646
563
569
572
660
633
580
587
586
667
573
597
588
581
595
588
586
574
582
581
575
566
569
572
648
558
582
589
586
586
592
667
575
603
599
610
669
574
592
590
584
598
589
576
573
581
646
567
577
587
577
572
581
595
587
577
584
593
591
574
577
563
554
550
546
544
554
554
562
633
555
572
567
553
554
546
551
560
556
547
550
548
544
538
534
530
536
530
529
534
525
522
520
523
521
522
521
523
522
520
521
523
519
521
518
520
526
523
524
524
526
531
531
530
527
529
516
514
509
511
507
503
504
506
502
502
506
509
514
510
518
521
522
517
516
515
509
504
498
491
484
484
484
484
482
483
485
489
489
489
493
492
491
496
499
499
498
494
495
491
489
489
486
480
481
484
479
481
487
491
488
500
502
509
507
508
503
503
500
497
492
489
491
489
488
490
492
493
491
493
495
492
487
485
483
479
475
476
479
477
477
478
476
470
464
464
469
462
459
460
462
455
465
465
466
458
460
466
459
462
464
464
455
457
461
466
462
463
464
459
450
450
456
450
443
446
445
437
437
437
437
434
431
426
421
427
433
435
428
432
426
431
429
437
443
447
433
439
439
447
430
433
435
442
432
432
432
438
437
433
425
429
434
424
421
429
428
418
417
420
423
416
416
416
424
417
414
414
412
417
422
423
421
418
418
415
417
418
423
415
414
414
422
414
416
419
427
419
421
425
423
426
425
442
444
433
436
444
443
430
431
439
426
422
425
429
418
418
424
421
415
419
416
408
408
414
411
405
405
410
409
404
400
404
405
406
400
398
403
404
399
399
401
401
399
396
395
397
400
401
395
395
396
397
392
394
396
390
386
391
393
388
385
387
388
388
384
381
383
386
385
381
382
382
381
382
379
385
382
380
378
380
384
380
378
383
383
380
379
383
386
381
379
383
385
382
378
382
385
380
377
380
383
382
380
381
383
384
380
381
383
382
380
379
381
385
381
378
379
386
384
382
384
385
384
382
386
389
384
383
385
384
386
388
384
384
388
389
384
384
384
391
381
382
387
388
381
385
386
388
383
382
385
382
381
380
382
383
380
378
380
384
379
375
376
379
380
376
375
376
376
373
374
377
375
370
373
374
368
370
368
371
370
366
366
370
367
365
364
366
367
362
362
364
367
363
359
361
361
364
364
365
361
361
362
365
364
361
362
366
359
360
363
364
358
358
362
362
359
360
360
363
361
360
357
362
363
358
358
362
361
361
358
358
363
360
357
357
359
361
356
357
360
359
355
356
359
360
354
354
355
359
357
355
354
354
356
358
353
353
357
355
354
354
354
355
354
352
354
354
350
353
355
352
348
354
353
352
350
353
353
350
353
353
354
352
354
354
355
352
353
358
354
354
353
356
355
354
351
354
355
353
351
356
354
351
352
354
353
352
350
354
353
348
350
353
353
348
348
351
351
351
347
349
351
351
346
350
350
347
344
350
348
347
346
349
346
342
348
346
342
345
345
342
339
343
344
341
338
344
341
341
338
339
343
339
337
339
340
340
337
338
338
341
334
338
337
341
333
338
336
339
337
335
334
340
336
336
335
337
337
335
334
338
337
335
335
339
337
334
333
337
337
334
334
338
335
333
337
337
333
335
336
336
332
334
335
336
330
336
335
332
331
336
334
330
335
333
331
330
332
332
333
332
330
330
334
333
329
332
335
331
329
337
332
330
331
334
334
330
334
331
331
332
334
329
331
333
329
327
335
330
327
333
330
328
333
331
329
329
332
329
329
330
331
329
330
330
329
328
328
330
325
329
330
654
325
328
330
325
329
331
326
325
329
327
324
327
328
326
326
328
327
323
330
326
325
328
327
324
329
326
328
322
329
327
323
329
326
323
326
325
324
322
328
323
324
324
326
320
330
326
321
329
326
322
328
325
324
325
325
322
323
324
325
327
322
325
325
329
324
324
328
328
328
327
328
331
329
330
328
335
332
331
330
335
333
336
331
338
336
336
339
334
341
338
340
337
342
342
341
341
346
343
343
345
341
348
346
347
346
352
349
348
350
351
350
349
343
352
349
351
350
354
350
351
348
354
352
354
352
352
351
354
352
352
355
353
353
351
356
354
354
351
357
354
354
355
355
357
357
358
358
357
362
362
359
362
359
366
362
363
363
362
365
362
363
362
364
364
363
365
363
367
369
364
366
364
368
367
364
365
366
367
367
365
367
368
368
368
366
366
367
372
370
370
371
375
373
373
374
381
375
374
376
379
378
376
376
382
379
378
378
379
382
377
377
378
377
382
379
380
381
380
386
387
390
390
389
391
395
395
393
396
396
399
416
397
403
408
421
415
401
407
422
415
401
403
406
416
410
400
404
406
417
412
414
404
412
421
415
404
410
418
416
408
414
416
423
420
408
418
420
419
412
414
422
420
410
414
419
420
417
423
418
417
418
421
420
413
413
417
419
415
414
420
421
420
420
420
425
429
430
427
430
432
437
440
438
436
437
441
441
440
434
435
435
428
421
422
424
421
420
421
422
422
421
421
421
427
428
427
426
432
430
434
428
435
435
434
431
436
434
429
430
432
435
436
433
434
434
437
437
436
434
433
436
437
435
432
439
439
441
440
438
437
433
434
438
437
437
437
439
431
427
418
427
425
425
424
424
425
425
420
417
414
422
418
416
416
425
422
426
431
439
448
439
452
454
455
449
456
457
458
460
461
458
457
465
467
466
466
462
458
472
471
472
469
465
472
469
462
462
454
454
458
458
457
453
454
453
458
464
465
462
461
463
465
461
462
465
470
468
468
467
463
460
461
467
469
468
467
466
469
469
467
464
466
470
470
470
467
477
479
482
481
490
495
495
495
503
503
500
497
495
491
489
491
492
485
486
488
486
481
481
484
479
478
473
473
468
466
471
467
468
463
460
466
462
458
457
457
460
459
457
457
460
462
460
460
464
467
465
463
470
467
466
463
460
456
475
472
478
479
481
480
483
487
490
493
493
489
486
490
488
486
483
490
486
486
483
482
477
475
481
482
483
483
489
488
487
485
480
492
490
496
494
493
496
496
501
503
503
497
497
500
504
500
497
496
499
497
493
492
491
496
492
491
488
495
494
493
492
492
498
503
502
502
508
513
517
521
525
519
519
523
515
515
516
516
510
509
504
502
494
490
493
489
487
484
487
488
490
488
488
488
496
501
511
510
511
514
513
515
510
505
501
507
502
501
498
506
502
503
505
502
499
498
499
498
494
492
493
494
491
494
494
500
500
498
499
504
501
502
502
504
511
506
509
510
513
513
513
515
518
516
516
525
522
520
521
526
528
525
528
531
537
532
531
530
531
531
528
524
523
522
521
516
519
521
523
521
523
529
526
530
533
537
531
532
533
538
531
529
526
527
532
538
536
544
535
534
529
528
524
523
521
527
521
520
519
521
521
527
523
529
527
527
527
525
523
519
516
513
516
514
511
503
503
511
532
501
502
502
502
505
508
515
521
519
522
523
528
539
549
552
553
556
564
561
556
554
560
554
550
548
549
554
551
551
549
551
556
547
547
544
553
544
544
552
546
543
538
545
535
535
536
533
533
532
539
540
546
547
543
545
543
547
544
540
538
535
534
534
536
530
529
525
524
522
513
513
509
512
504
506
505
510
505
506
509
512
521
525
526
528
537
538
538
537
545
541
536
533
537
531
526
527
529
528
527
526
526
529
541
537
540
538
544
542
552
549
547
547
550
556
552
552
549
545
556
555
556
552
550
552
549
550
562
557
556
553
562
556
553
551
554
555
557
555
554
554
555
562
561
561
556
563
562
563
561
558
556
558
562
570
569
570
571
566
566
562
566
562
562
561
562
567
576
578
577
588
581
569
592
592
595
589
583
583
586
584
578
570
592
585
594
591
588
584
598
587
591
589
592
595
594
591
588
589
595
600
609
626
627
642
646
657
672
674
664
667
661
646
645
624
610
602
599
591
588
583
583
580
584
593
595
623
627
624
635
640
644
658
680
691
702
718
743
764
792
787
751
732
751
744
791
770
793
774
751
769
836
828
783
824
836
845
909
1051
945
930
909
829
769
760
714
699
694
750
754
744
783
777
810
856
929
951
1006
1067
1013
984
1034
1033
1123
1144
1070
1105
1121
1137
1138
1193
1111
1103
1106
1115
1105
1123
1231
1192
1166
1050
996
1048
972
918
917
893
845
772
796
802
802
803
727
784
731
688
717
611
618
599
605
625
622
604
599
602
618
638
696
886
949
945
991
894
836
814
799
819
767
770
711
712
653
659
668
677
681
661
629
639
629
644
643
687
681
874
761
752
727
714
705
705
679
695
663
660
691
867
824
832
784
778
757
776
784
778
779
799
796
790
771
760
746
743
754
743
722
714
646
656
686
656
640
640
626
646
686
668
646
657
680
703
704
687
667
661
672
666
651
655
662
667
663
662
686
703
701
685
678
669
671
667
666
659
668
653
648
657
642
637
631
640
665
717
735
728
707
689
671
663
676
718
695
676
697
681
665
673
686
679
667
653

